Tokyo,34.8,36.9,138.7,141.0,121500,121500,9
Hokkaido,41.1,46.0,138.0,150.0,121500,121500,9
Moscow,54.0,58.0,34.0,45.0,121500,121500,-5
Zurich,46.0,48.5,6.0,10.5,121500,121500,-5
Newfoundland,45.0,52.0,-66.5,-52.0,10000,5000,-5
Montreal,44.5,47.0,-75.5,-72.0,10000,5000,-5
Ottawa,44.5,46.5,-77.0,-74.0,10000,5000,-5
Oshawa,43.0,44.5,-81.0,-77.5,10000,5000,-5
Winnipeg,49.0,51.0,-98.5,-95.5,10000,5000,-6
Watrous,50.3,54.0,-112.0,-103.5,10000,5000,-6
Edmonton,51.0,56.0,-117.0,-110.0,10000,5000,-7
Northwest_BC,52.0,57.0,-136.0,-124.0,10000,5000,-8
Vancouver,48.0,50.2,-126.0,-119.0,10000,5000,-8
NewYork,39.7,42.0,-76.4,-72.0,10000,5000,-5
Wisconsin,41.0,47.3,-93.8,-86.6,10000,5000,-6
Chicago,39.5,42.5,-90.0,-86.0,10000,5000,-6
Shannon,51.2,54.5,-10.7,-7.4,10000,5000,0
Dublin,52.3,55.0,-9.0,-3.0,10000,5000,0
DenmarkArea,52.5,60.5,-3.0,20.0,10000,5000,1
London,49.8,53.5,-5.4,3.4,10000,5000,0
France_Belgium,42.0,52.0,-5.0,10.0,10000,5000,1
Germany_Switzerland,45.7,54.9,6.1,15.2,10000,5000,1
Cyprus,34.4,35.9,31.9,34.8,10000,5000,0
NewSouthWales,-35.5,-32.5,148.8,152,10000,5000,11
SouthAustralia,-35.5,-32.5,148.8,152,10000,5000,10
NorthNewZealand,-42.8,-34.2,172.6,178.7,5000,10000,12
South_East_Asia,-11.0,18.7,92.0,127.0,10000,5000,7
Midwest,37.0,43.5,-91.5,-80.0,10000,5000,-5
Pennsylvania,39.7,42.0,-84.5,-74.5,10000,5000,-4
Arkansas,31.0,39.0,-98.0,-86.0,10000,5000,-5
Utah_Arizona,33.3,42.0,-114.0,-109.0,10000,5000,-7
San Francisco,37.0,39.0,-123.0,-120.0,10000,5000,-7
Southeast_US,24.0,36.5,-91.5,-74.5,10000,5000,-4
NAT_West,40.2,47.2,-76.9,-52.0,10000,5000,-4
WATRS,17.0,42.0,-84.0,-62.0,10000,5000,-4
CEPAC,16.0,52.0,-163.0,-116.0,10000,5000,-9
HFGCS_Northeast,40.9,46.0,-75.0,-69.0,10000,5000,-4
HFGCS_Northwest,38.7,51.7,-126.0,-103.5,10000,5000,-7
Bangkok,12.4,14.7,99.4,101.9,10000,5000,-7
Tokyo,34.8,36.9,138.7,141.0,10000,5000,-7
North_Africa,26.5,43.0,-19.0,37.2,10000,5000,2
Southeast_Europe,34.4,51.0,6.5,35.3,10000,5000,3
